# unix_time, cycles_done, cur_path, paths_total, pending_total, pending_favs, map_size, unique_crashes, unique_hangs, max_depth, execs_per_sec
1569807796, 0, 0, 1, 1, 0, 0.00%, 0, 0, 1, 296.30
1569807801, 0, 0, 1, 1, 0, 0.00%, 19, 1, 1, 315.80
1569807806, 6, 0, 1, 0, 0, 0.00%, 54, 3, 1, 301.67
1569807811, 11, 0, 1, 0, 0, 0.00%, 87, 5, 1, 297.41
1569807816, 18, 0, 1, 0, 0, 0.00%, 128, 5, 1, 312.62
1569807821, 24, 0, 1, 0, 0, 0.00%, 170, 5, 1, 313.32
1569807826, 30, 0, 1, 0, 0, 0.00%, 215, 5, 1, 310.96
1569807831, 36, 0, 1, 0, 0, 0.00%, 249, 5, 1, 315.85
1569807836, 42, 0, 1, 0, 0, 0.00%, 275, 5, 1, 307.21
1569807841, 48, 0, 1, 0, 0, 0.00%, 307, 5, 1, 312.46
1569807846, 54, 0, 1, 0, 0, 0.00%, 337, 5, 1, 307.89
1569807852, 60, 0, 1, 0, 0, 0.00%, 362, 5, 1, 305.68
1569807857, 67, 0, 1, 0, 0, 0.00%, 389, 5, 1, 318.36
1569807862, 73, 0, 1, 0, 0, 0.00%, 426, 5, 1, 306.15
1569807867, 78, 0, 1, 0, 0, 0.00%, 454, 5, 1, 254.64
1569807872, 82, 0, 1, 0, 0, 0.00%, 479, 5, 1, 223.67
1569807877, 86, 0, 1, 0, 0, 0.00%, 497, 5, 1, 209.76
1569807882, 90, 0, 1, 0, 0, 0.00%, 524, 5, 1, 198.09
1569807887, 94, 0, 1, 0, 0, 0.00%, 546, 5, 1, 194.29
1569807892, 98, 0, 1, 0, 0, 0.00%, 568, 5, 1, 191.18
1569807898, 101, 0, 1, 0, 0, 0.00%, 583, 5, 1, 177.75
1569807903, 105, 0, 1, 0, 0, 0.00%, 608, 5, 1, 194.33
1569807908, 109, 0, 1, 0, 0, 0.00%, 636, 5, 1, 203.61
1569807913, 113, 0, 1, 0, 0, 0.00%, 661, 6, 1, 194.99
1569807918, 117, 0, 1, 0, 0, 0.00%, 678, 6, 1, 213.96
1569807923, 122, 0, 1, 0, 0, 0.00%, 705, 7, 1, 225.59
1569807928, 126, 0, 1, 0, 0, 0.00%, 735, 7, 1, 223.60
1569807934, 131, 0, 1, 0, 0, 0.00%, 764, 7, 1, 234.73
1569807939, 136, 0, 1, 0, 0, 0.00%, 783, 7, 1, 244.42
1569807944, 141, 0, 1, 0, 0, 0.00%, 810, 8, 1, 250.26
1569807949, 146, 0, 1, 0, 0, 0.00%, 834, 9, 1, 257.65
1569807954, 152, 0, 1, 0, 0, 0.00%, 855, 9, 1, 273.84
1569807959, 158, 0, 1, 0, 0, 0.00%, 889, 9, 1, 285.67
1569807964, 163, 0, 1, 0, 0, 0.00%, 920, 9, 1, 292.42
1569807969, 169, 0, 1, 0, 0, 0.00%, 952, 9, 1, 287.74
1569807975, 174, 0, 1, 0, 0, 0.00%, 985, 9, 1, 266.52
1569807980, 180, 0, 1, 0, 0, 0.00%, 1015, 9, 1, 262.55
1569807985, 185, 0, 1, 0, 0, 0.00%, 1034, 9, 1, 266.34
1569807990, 190, 0, 1, 0, 0, 0.00%, 1058, 9, 1, 256.13
1569807995, 195, 0, 1, 0, 0, 0.00%, 1083, 9, 1, 257.97
1569808000, 200, 0, 1, 0, 0, 0.00%, 1110, 10, 1, 252.41
1569808005, 205, 0, 1, 0, 0, 0.00%, 1134, 11, 1, 244.02
1569808010, 210, 0, 1, 0, 0, 0.00%, 1176, 11, 1, 249.73
1569808015, 215, 0, 1, 0, 0, 0.00%, 1195, 12, 1, 244.50
1569808021, 220, 0, 1, 0, 0, 0.00%, 1219, 14, 1, 229.03
1569808026, 225, 0, 1, 0, 0, 0.00%, 1242, 14, 1, 243.14
1569808031, 230, 0, 1, 0, 0, 0.00%, 1269, 14, 1, 246.07
1569808036, 234, 0, 1, 0, 0, 0.00%, 1284, 14, 1, 245.58
1569808041, 240, 0, 1, 0, 0, 0.00%, 1307, 14, 1, 264.08
1569808046, 245, 0, 1, 0, 0, 0.00%, 1337, 14, 1, 253.89
1569808051, 250, 0, 1, 0, 0, 0.00%, 1355, 14, 1, 250.37
1569808057, 255, 0, 1, 0, 0, 0.00%, 1382, 14, 1, 243.98
1569808062, 259, 0, 1, 0, 0, 0.00%, 1404, 15, 1, 235.96
1569808067, 264, 0, 1, 0, 0, 0.00%, 1430, 16, 1, 232.43
1569808072, 268, 0, 1, 0, 0, 0.00%, 1450, 16, 1, 240.80
1569808077, 274, 0, 1, 0, 0, 0.00%, 1477, 16, 1, 250.35
1569808082, 278, 0, 1, 0, 0, 0.00%, 1503, 16, 1, 232.41
1569808087, 283, 0, 1, 0, 0, 0.00%, 1536, 16, 1, 243.04
1569808092, 288, 0, 1, 0, 0, 0.00%, 1564, 17, 1, 248.04
1569808097, 293, 0, 1, 0, 0, 0.00%, 1600, 18, 1, 246.46
1569808103, 298, 0, 1, 0, 0, 0.00%, 1638, 18, 1, 256.95
